  0.1000000E+01  0.5000000E+00
  0.9988110E+00  0.5237050E+00
  0.9976220E+00  0.2427617E+00
  0.9964328E+00  0.6472960E+00
  0.9952438E+00  0.1099944E+01
  0.9940547E+00  0.8773798E+00
  0.9928657E+00  0.1192675E+00
  0.9916766E+00  0.9124583E+00
  0.9904876E+00  0.7727542E+00
  0.9892985E+00  0.5913908E+00
  0.9881094E+00  0.7259159E+00
  0.9869203E+00  0.6446321E+00
  0.9857313E+00  0.3254454E+00
  0.9845423E+00  0.3999299E+00
  0.9833532E+00  0.6901721E+00
  0.9821642E+00  0.4123870E+00
  0.9809750E+00  0.4825432E+00
  0.9797860E+00  0.1868385E+00
  0.9785969E+00  0.3713935E+00
  0.9774079E+00  0.1349947E+00
  0.9762188E+00  0.4590473E+00
  0.9750298E+00  0.6457191E+00
  0.9738407E+00  0.8607811E+00
  0.9726516E+00  0.1988952E+00
  0.9714626E+00  0.9377299E+00
  0.9702735E+00  0.1027632E+01
  0.9690845E+00  0.5936681E+00
  0.9678954E+00  0.1076115E+01
  0.9667064E+00  0.1033393E+01
  0.9655172E+00  0.1077061E+01
  0.9643282E+00  0.6140563E+00
  0.9631391E+00  0.6133009E+00
  0.9619501E+00  0.3237850E-01
  0.9607611E+00  0.4413019E+00
  0.9595720E+00  0.9031655E+00
  0.9583829E+00  0.4126039E+00
  0.9571938E+00  0.2901930E+00
  0.9560048E+00  0.1061306E+01
  0.9548157E+00  0.1378066E+00
  0.9536267E+00  0.6063752E+00
  0.9524376E+00  0.6972349E+00
  0.9512486E+00  0.8158026E+00
  0.9500594E+00  0.2567029E-01
  0.9488704E+00  0.6867571E+00
  0.9476814E+00  0.2217211E+00
  0.9464923E+00  0.7689037E+00
  0.9453033E+00  0.3127193E+00
  0.9441142E+00  0.2940936E+00
  0.9429251E+00  0.1080589E+01
  0.9417360E+00  0.6880321E-01
  0.9405470E+00  0.9799776E+00
  0.9393579E+00  0.5203177E+00
  0.9381689E+00  0.3197285E+00
  0.9369799E+00  0.5733966E+00
  0.9357908E+00  0.5043654E+00
  0.9346017E+00  0.4912451E+00
  0.9334126E+00  0.3918158E+00
  0.9322236E+00  0.2071968E+00
  0.9310345E+00  0.5507098E+00
  0.9298455E+00  0.6605545E+00
  0.9286564E+00  0.1004579E+01
  0.9274673E+00  0.6590670E-01
  0.9262782E+00  0.1421653E+00
  0.9250892E+00  0.2372111E-01
  0.9239002E+00  0.3637282E+00
  0.9227111E+00  0.8640916E+00
  0.9215221E+00  0.2263530E+00
  0.9203330E+00  0.1033811E+01
  0.9191439E+00  0.4573884E+00
  0.9179548E+00  0.1099157E+01
  0.9167658E+00  0.4607738E+00
  0.9155767E+00  0.5128505E+00
  0.9143877E+00  0.7894486E+00
  0.9131986E+00  0.5047653E-01
  0.9120095E+00  0.1855075E+00
  0.9108205E+00  0.1710503E+00
  0.9096314E+00  0.2111892E+00
  0.9084424E+00  0.5054704E+00
  0.9072533E+00  0.6696256E+00
  0.9060643E+00  0.3700549E+00
  0.9048752E+00  0.6596881E+00
  0.9036861E+00  0.7905146E+00
  0.9024970E+00  0.8058049E+00
  0.9013080E+00  0.8562831E+00
  0.9001190E+00  0.6279805E+00
  0.8989299E+00  0.1922685E-01
  0.8977409E+00  0.9402287E+00
  0.8965517E+00  0.6279480E+00
  0.8953627E+00  0.6106505E+00
  0.8941736E+00  0.8611254E+00
  0.8929846E+00  0.3148531E+00
  0.8917955E+00  0.5762565E+00
  0.8906065E+00  0.1807313E+00
  0.8894174E+00  0.3942961E+00
  0.8882283E+00  0.1098773E+01
  0.8870393E+00  0.1040214E+00
  0.8858502E+00  0.3839828E+00
  0.8846612E+00  0.5580254E+00
  0.8834721E+00  0.6922095E+00
  0.8822831E+00  0.6033005E+00
  0.8810939E+00  0.3553782E+00
  0.8799049E+00  0.9806634E-01
  0.8787158E+00  0.9345952E+00
  0.8775268E+00  0.5585435E+00
  0.8763378E+00  0.4000885E+00
  0.8751487E+00  0.5829020E+00
  0.8739596E+00  0.3918413E+00
  0.8727705E+00  0.8794188E+00
  0.8715815E+00  0.4013855E+00
  0.8703924E+00  0.6523838E+00
  0.8692034E+00  0.9901217E+00
  0.8680143E+00  0.7702478E+00
  0.8668253E+00  0.9461340E+00
  0.8656361E+00  0.9308638E+00
  0.8644471E+00  0.1947573E+00
  0.8632581E+00  0.4955135E+00
  0.8620690E+00  0.1696094E+00
  0.8608800E+00  0.7097801E+00
  0.8596909E+00  0.7505245E+00
  0.8585018E+00  0.4585275E+00
  0.8573127E+00  0.5383772E+00
  0.8561237E+00  0.2426685E+00
  0.8549346E+00  0.2057168E+00
  0.8537456E+00  0.1028246E+01
  0.8525565E+00  0.2788927E+00
  0.8513674E+00  0.2880804E-01
  0.8501784E+00  0.9748457E+00
  0.8489893E+00  0.4671358E+00
  0.8478003E+00  0.1213980E+00
  0.8466112E+00  0.4172987E+00
  0.8454222E+00  0.3098049E+00
  0.8442331E+00  0.2442741E+00
  0.8430440E+00  0.9825736E+00
  0.8418549E+00  0.3964624E+00
  0.8406659E+00  0.1320955E+00
  0.8394769E+00  0.4435742E+00
  0.8382878E+00  0.9387284E-01
  0.8370988E+00  0.6336950E+00
  0.8359096E+00  0.4792337E-01
  0.8347206E+00  0.9237208E+00
  0.8335315E+00  0.4075454E+00
  0.8323425E+00  0.6908762E+00
  0.8311534E+00  0.1090793E+01
  0.8299644E+00  0.6636007E+00
  0.8287753E+00  0.8621902E+00
  0.8275862E+00  0.8376652E-01
  0.8263972E+00  0.7020519E+00
  0.8252081E+00  0.1256201E+00
  0.8240191E+00  0.7388747E+00
  0.8228300E+00  0.9646423E+00
  0.8216410E+00  0.2351535E+00
  0.8204518E+00  0.5311917E+00
  0.8192628E+00  0.1173435E+00
  0.8180737E+00  0.5185494E+00
  0.8168847E+00  0.3974470E+00
  0.8156957E+00  0.6764786E+00
  0.8145066E+00  0.5612310E+00
  0.8133175E+00  0.3485167E+00
  0.8121284E+00  0.1091610E+00
  0.8109394E+00  0.5659653E+00
  0.8097503E+00  0.4684401E-01
  0.8085613E+00  0.4960598E+00
  0.8073722E+00  0.4415775E+00
  0.8061832E+00  0.8425989E+00
  0.8049940E+00  0.1459023E+00
  0.8038050E+00  0.5909920E+00
  0.8026160E+00  0.1098894E+01
  0.8014269E+00  0.9912801E-01
  0.8002379E+00  0.1350150E+00
  0.7990488E+00  0.1091377E+01
  0.7978597E+00  0.1036934E+01
  0.7966706E+00  0.2121045E-01
  0.7954816E+00  0.6552741E-01
  0.7942925E+00  0.3946783E+00
  0.7931035E+00  0.1064207E+01
  0.7919144E+00  0.5946131E+00
  0.7907254E+00  0.8535768E+00
  0.7895363E+00  0.1491300E+00
  0.7883472E+00  0.8913881E+00
  0.7871582E+00  0.7392005E+00
  0.7859691E+00  0.1080371E+01
  0.7847801E+00  0.1424839E+00
  0.7835910E+00  0.1179175E+00
  0.7824019E+00  0.4110283E+00
  0.7812128E+00  0.2812262E+00
  0.7800238E+00  0.4027894E+00
  0.7788348E+00  0.8030757E+00
  0.7776457E+00  0.1165050E+00
  0.7764567E+00  0.1057765E+01
  0.7752676E+00  0.7277459E+00
  0.7740785E+00  0.8351037E+00
  0.7728894E+00  0.8944475E+00
  0.7717004E+00  0.2416059E+00
  0.7705113E+00  0.9249778E+00
  0.7693223E+00  0.2601373E+00
  0.7681332E+00  0.1096205E+01
  0.7669441E+00  0.1014265E+01
  0.7657551E+00  0.7857592E+00
  0.7645660E+00  0.2824700E+00
  0.7633770E+00  0.5724339E+00
  0.7621879E+00  0.6624644E+00
  0.7609989E+00  0.1007793E+01
  0.7598098E+00  0.5849747E+00
  0.7586207E+00  0.2297123E+00
  0.7574316E+00  0.1166425E+00
  0.7562426E+00  0.3256335E+00
  0.7550535E+00  0.1410108E+00
  0.7538645E+00  0.9872848E+00
  0.7526755E+00  0.6101743E+00
  0.7514863E+00  0.6936598E+00
  0.7502973E+00  0.8363705E+00
  0.7491082E+00  0.3438373E+00
  0.7479192E+00  0.5225663E+00
  0.7467301E+00  0.8419495E+00
  0.7455411E+00  0.4114782E+00
  0.7443520E+00  0.8721021E+00
  0.7431629E+00  0.2285799E+00
  0.7419739E+00  0.1928762E+00
  0.7407848E+00  0.7405482E+00
  0.7395957E+00  0.2428089E+00
  0.7384067E+00  0.7577362E+00
  0.7372176E+00  0.1857426E+00
  0.7360286E+00  0.2030960E+00
  0.7348395E+00  0.2972557E+00
  0.7336505E+00  0.7407447E+00
  0.7324614E+00  0.1703803E+00
  0.7312723E+00  0.4197344E+00
  0.7300833E+00  0.5537991E+00
  0.7288942E+00  0.7610250E+00
  0.7277051E+00  0.1010060E+01
  0.7265161E+00  0.2071805E+00
  0.7253270E+00  0.9858775E+00
  0.7241380E+00  0.5539843E+00
  0.7229489E+00  0.1779998E+00
  0.7217598E+00  0.1961404E+00
  0.7205708E+00  0.8080472E+00
  0.7193817E+00  0.1083073E+01
  0.7181927E+00  0.1862160E+00
  0.7170036E+00  0.8555037E+00
  0.7158145E+00  0.4752831E+00
  0.7146255E+00  0.3047349E+00
  0.7134364E+00  0.5883604E+00
  0.7122474E+00  0.8633444E+00
  0.7110583E+00  0.6523987E+00
  0.7098692E+00  0.4778022E+00
  0.7086802E+00  0.1862303E+00
  0.7074911E+00  0.3566352E+00
  0.7063020E+00  0.7257459E+00
  0.7051130E+00  0.1067837E+01
  0.7039239E+00  0.3579386E+00
  0.7027349E+00  0.7719473E+00
  0.7015458E+00  0.8900510E+00
  0.7003567E+00  0.2414190E+00
  0.6991677E+00  0.2732949E+00
  0.6979786E+00  0.1083997E+01
  0.6967896E+00  0.3889029E+00
  0.6956005E+00  0.1367730E+00
  0.6944114E+00  0.6647390E+00
  0.6932224E+00  0.6761055E+00
  0.6920333E+00  0.1347509E+00
  0.6908442E+00  0.1970229E+00
  0.6896552E+00  0.5969324E+00
  0.6884661E+00  0.3288088E+00
  0.6872771E+00  0.6421999E+00
  0.6860880E+00  0.6664369E+00
  0.6848990E+00  0.9988644E+00
  0.6837099E+00  0.8842300E+00
  0.6825208E+00  0.1285100E+00
  0.6813318E+00  0.6030659E+00
  0.6801427E+00  0.9743787E+00
  0.6789536E+00  0.3773569E+00
  0.6777646E+00  0.6153946E+00
  0.6765755E+00  0.6998710E+00
  0.6753865E+00  0.6301494E+00
  0.6741974E+00  0.1021493E+01
  0.6730084E+00  0.5762103E+00
  0.6718193E+00  0.1722336E+00
  0.6706302E+00  0.6971389E+00
  0.6694412E+00  0.8136294E+00
  0.6682521E+00  0.1131439E+00
  0.6670630E+00  0.1092722E+01
  0.6658740E+00  0.7439921E+00
  0.6646849E+00  0.8594965E+00
  0.6634959E+00  0.5518062E+00
  0.6623068E+00  0.9566942E-01
  0.6611178E+00  0.5137105E+00
  0.6599287E+00  0.9691491E+00
  0.6587396E+00  0.7146000E+00
  0.6575506E+00  0.5762386E+00
  0.6563615E+00  0.3072510E+00
  0.6551724E+00  0.1003527E+01
  0.6539834E+00  0.8327732E-01
  0.6527943E+00  0.1004739E+01
  0.6516052E+00  0.8110093E-01
  0.6504162E+00  0.3471651E+00
  0.6492271E+00  0.9696343E+00
  0.6480381E+00  0.4041177E+00
  0.6468490E+00  0.3947953E+00
  0.6456600E+00  0.9885722E+00
  0.6444709E+00  0.6844930E+00
  0.6432818E+00  0.5794734E+00
  0.6420928E+00  0.1063713E+01
  0.6409037E+00  0.2064912E+00
  0.6397146E+00  0.4264002E+00
  0.6385256E+00  0.5490590E+00
  0.6373365E+00  0.5191370E+00
  0.6361475E+00  0.1091999E+01
  0.6349584E+00  0.1019231E+01
  0.6337693E+00  0.9667160E-01
  0.6325803E+00  0.1039878E+00
  0.6313912E+00  0.3060376E+00
  0.6302022E+00  0.8821073E+00
  0.6290131E+00  0.6759415E+00
  0.6278240E+00  0.1065574E+01
  0.6266350E+00  0.2311607E+00
  0.6254459E+00  0.1555229E+00
  0.6242569E+00  0.1673124E+00
  0.6230678E+00  0.7591686E+00
  0.6218787E+00  0.6298469E+00
  0.6206897E+00  0.5305683E+00
  0.6195006E+00  0.6105692E+00
  0.6183115E+00  0.3577930E+00
  0.6171225E+00  0.2827001E+00
  0.6159334E+00  0.1024922E+01
  0.6147444E+00  0.3690527E+00
  0.6135553E+00  0.7248987E+00
  0.6123663E+00  0.7995159E+00
  0.6111772E+00  0.7419826E+00
  0.6099881E+00  0.7790553E+00
  0.6087991E+00  0.1079611E+01
  0.6076100E+00  0.1061118E+01
  0.6064209E+00  0.6774108E+00
  0.6052319E+00  0.8152167E-01
  0.6040428E+00  0.1108822E+01
  0.6028537E+00  0.3124776E-01
  0.6016647E+00  0.5504014E+00
  0.6004757E+00  0.8050906E+00
  0.5992866E+00  0.7989224E+00
  0.5980975E+00  0.8396821E+00
  0.5969085E+00  0.5294226E+00
  0.5957194E+00  0.7152916E+00
  0.5945303E+00  0.3863850E+00
  0.5933413E+00  0.3722351E+00
  0.5921522E+00  0.4380982E+00
  0.5909631E+00  0.5159906E-01
  0.5897741E+00  0.4387351E+00
  0.5885851E+00  0.2160977E-01
  0.5873960E+00  0.6945785E+00
  0.5862069E+00  0.2787247E+00
  0.5850179E+00  0.5065573E+00
  0.5838288E+00  0.8232108E+00
  0.5826397E+00  0.6951638E+00
  0.5814507E+00  0.9843030E+00
  0.5802616E+00  0.8518267E+00
  0.5790725E+00  0.1077491E+01
  0.5778835E+00  0.9779718E+00
  0.5766944E+00  0.6062664E+00
  0.5755054E+00  0.4425489E+00
  0.5743163E+00  0.2405330E+00
  0.5731273E+00  0.3600419E+00
  0.5719382E+00  0.9985598E+00
  0.5707491E+00  0.8669715E+00
  0.5695601E+00  0.1044592E+01
  0.5683710E+00  0.3534684E+00
  0.5671819E+00  0.1033951E+01
  0.5659929E+00  0.1667950E+00
  0.5648038E+00  0.1064085E+00
  0.5636148E+00  0.9282382E+00
  0.5624257E+00  0.1420754E+00
  0.5612366E+00  0.4425707E+00
  0.5600476E+00  0.4237886E+00
  0.5588585E+00  0.6744929E+00
  0.5576695E+00  0.9528680E+00
  0.5564804E+00  0.1037895E+01
  0.5552913E+00  0.9537546E+00
  0.5541023E+00  0.2504154E-01
  0.5529132E+00  0.1034520E+01
  0.5517242E+00  0.9632553E-01
  0.5505351E+00  0.3705286E+00
  0.5493460E+00  0.1031571E+00
  0.5481570E+00  0.2169094E+00
  0.5469679E+00  0.1206196E+00
  0.5457788E+00  0.6095791E+00
  0.5445898E+00  0.8811550E+00
  0.5434007E+00  0.1089287E+01
  0.5422117E+00  0.2471453E+00
  0.5410226E+00  0.4928496E+00
  0.5398336E+00  0.3786242E-01
  0.5386445E+00  0.4386652E+00
  0.5374554E+00  0.7635629E+00
  0.5362664E+00  0.6083454E+00
  0.5350773E+00  0.9313931E+00
  0.5338882E+00  0.9104735E+00
  0.5326992E+00  0.3652384E+00
  0.5315101E+00  0.3726775E+00
  0.5303210E+00  0.1249238E+00
  0.5291320E+00  0.5559034E-01
  0.5279430E+00  0.4737267E-01
  0.5267539E+00  0.1710768E+00
  0.5255648E+00  0.4382559E+00
  0.5243758E+00  0.2836520E+00
  0.5231867E+00  0.2965686E+00
  0.5219976E+00  0.4465708E-01
  0.5208086E+00  0.2306089E+00
  0.5196195E+00  0.3191732E+00
  0.5184304E+00  0.2808207E+00
  0.5172414E+00  0.7747489E+00
  0.5160524E+00  0.6584296E+00
  0.5148633E+00  0.8031005E+00
  0.5136742E+00  0.3316583E+00
  0.5124852E+00  0.1619059E+00
  0.5112961E+00  0.6516155E+00
  0.5101070E+00  0.8024632E-01
  0.5089180E+00  0.8346712E+00
  0.5077289E+00  0.8384302E+00
  0.5065398E+00  0.6302053E+00
  0.5053508E+00  0.5798444E+00
  0.5041617E+00  0.4935480E+00
  0.5029727E+00  0.8639691E+00
  0.5017836E+00  0.4251710E+00
  0.5005946E+00  0.4601237E+00
  0.4994055E+00  0.6624130E+00
  0.4982164E+00  0.4642831E+00
  0.4970274E+00  0.6867499E+00
  0.4958383E+00  0.7558931E+00
  0.4946492E+00  0.1445064E+00
  0.4934602E+00  0.5175974E+00
  0.4922711E+00  0.8653259E-01
  0.4910821E+00  0.4658289E+00
  0.4898930E+00  0.4297148E+00
  0.4887039E+00  0.6454383E+00
  0.4875149E+00  0.1639298E+00
  0.4863258E+00  0.9840748E+00
  0.4851368E+00  0.1966004E-01
  0.4839477E+00  0.3518681E+00
  0.4827586E+00  0.9660697E+00
  0.4815696E+00  0.1084692E+01
  0.4803805E+00  0.2390568E+00
  0.4791915E+00  0.4201722E+00
  0.4780024E+00  0.4205500E+00
  0.4768133E+00  0.2427477E+00
  0.4756243E+00  0.3858686E+00
  0.4744352E+00  0.7865448E+00
  0.4732461E+00  0.7796538E+00
  0.4720571E+00  0.3088264E+00
  0.4708680E+00  0.2082553E-01
  0.4696790E+00  0.2158859E+00
  0.4684899E+00  0.7348324E+00
  0.4673009E+00  0.7603338E-01
  0.4661118E+00  0.6907331E+00
  0.4649227E+00  0.4172555E+00
  0.4637337E+00  0.2268233E+00
  0.4625446E+00  0.6360017E+00
  0.4613555E+00  0.5586803E+00
  0.4601665E+00  0.4480484E+00
  0.4589774E+00  0.1064038E+01
  0.4577883E+00  0.3297539E+00
  0.4565993E+00  0.2891887E+00
  0.4554103E+00  0.5896854E+00
  0.4542212E+00  0.8658260E+00
  0.4530321E+00  0.2324575E+00
  0.4518431E+00  0.4261127E+00
  0.4506540E+00  0.8461235E+00
  0.4494649E+00  0.5501129E+00
  0.4482759E+00  0.1035694E+01
  0.4470868E+00  0.4091280E+00
  0.4458977E+00  0.1738813E+00
  0.4447087E+00  0.7585747E+00
  0.4435197E+00  0.6098794E-01
  0.4423306E+00  0.1043308E+01
  0.4411415E+00  0.9825332E+00
  0.4399525E+00  0.7952140E+00
  0.4387634E+00  0.1366337E+00
  0.4375743E+00  0.5482440E+00
  0.4363853E+00  0.4437864E+00
  0.4351962E+00  0.7817810E+00
  0.4340071E+00  0.2148770E+00
  0.4328181E+00  0.3706182E+00
  0.4316290E+00  0.8995432E-01
  0.4304400E+00  0.2857278E+00
  0.4292509E+00  0.3765252E-01
  0.4280619E+00  0.2084928E-01
  0.4268728E+00  0.8613199E+00
  0.4256837E+00  0.8262298E-01
  0.4244947E+00  0.7218359E+00
  0.4233056E+00  0.7348894E+00
  0.4221165E+00  0.1675177E+00
  0.4209275E+00  0.1063021E+00
  0.4197384E+00  0.5478827E+00
  0.4185494E+00  0.1017351E+01
  0.4173603E+00  0.2535740E+00
  0.4161712E+00  0.3160542E+00
  0.4149822E+00  0.7142365E+00
  0.4137931E+00  0.3596247E+00
  0.4126041E+00  0.5748738E+00
  0.4114150E+00  0.8581323E+00
  0.4102259E+00  0.5770654E+00
  0.4090369E+00  0.1007477E+01
  0.4078478E+00  0.9760221E+00
  0.4066588E+00  0.3185326E+00
  0.4054697E+00  0.1002433E+01
  0.4042806E+00  0.7956817E+00
  0.4030916E+00  0.8017396E+00
  0.4019025E+00  0.8070952E+00
  0.4007134E+00  0.3327354E+00
  0.3995244E+00  0.1607272E+00
  0.3983353E+00  0.8077428E+00
  0.3971463E+00  0.3198977E+00
  0.3959572E+00  0.3490907E+00
  0.3947682E+00  0.8961360E+00
  0.3935791E+00  0.1547014E+00
  0.3923900E+00  0.2099339E+00
  0.3912010E+00  0.4856205E+00
  0.3900119E+00  0.5967602E+00
  0.3888228E+00  0.5450448E+00
  0.3876338E+00  0.3113584E+00
  0.3864447E+00  0.9448981E+00
  0.3852556E+00  0.1003173E+01
  0.3840666E+00  0.1902716E+00
  0.3828776E+00  0.9916201E+00
  0.3816885E+00  0.9612757E+00
  0.3804994E+00  0.9973118E+00
  0.3793104E+00  0.8595049E+00
  0.3781213E+00  0.5226630E+00
  0.3769322E+00  0.4248283E+00
  0.3757432E+00  0.1216261E+00
  0.3745541E+00  0.3200524E+00
  0.3733650E+00  0.4976482E+00
  0.3721760E+00  0.5329537E+00
  0.3709869E+00  0.8136729E+00
  0.3697979E+00  0.4448475E-01
  0.3686088E+00  0.3449448E+00
  0.3674198E+00  0.3343053E+00
  0.3662307E+00  0.3921322E+00
  0.3650416E+00  0.7510372E+00
  0.3638526E+00  0.2430938E+00
  0.3626635E+00  0.5452048E+00
  0.3614745E+00  0.9880355E+00
  0.3602854E+00  0.1071777E+01
  0.3590963E+00  0.5512472E+00
  0.3579073E+00  0.1071805E+00
  0.3567182E+00  0.5424300E-01
  0.3555292E+00  0.1581385E+00
  0.3543401E+00  0.6379411E+00
  0.3531510E+00  0.6155692E+00
  0.3519620E+00  0.4999536E+00
  0.3507729E+00  0.8962125E+00
  0.3495839E+00  0.9756587E+00
  0.3483948E+00  0.7437359E+00
  0.3472057E+00  0.1066226E+01
  0.3460167E+00  0.5131159E+00
  0.3448276E+00  0.7240461E+00
  0.3436385E+00  0.4169704E+00
  0.3424495E+00  0.2913584E+00
  0.3412604E+00  0.1294070E+00
  0.3400714E+00  0.5011474E-01
  0.3388823E+00  0.1073546E+01
  0.3376932E+00  0.9419266E+00
  0.3365042E+00  0.4845937E+00
  0.3353151E+00  0.4358071E+00
  0.3341261E+00  0.1053878E+01
  0.3329370E+00  0.9647939E+00
  0.3317479E+00  0.2705540E-01
  0.3305589E+00  0.7513135E+00
  0.3293698E+00  0.2484198E+00
  0.3281807E+00  0.8608917E+00
  0.3269917E+00  0.3326731E+00
  0.3258026E+00  0.1061436E+01
  0.3246136E+00  0.5696844E+00
  0.3234245E+00  0.2328670E+00
  0.3222354E+00  0.2829339E-01
  0.3210464E+00  0.6703070E-01
  0.3198573E+00  0.9496779E+00
  0.3186683E+00  0.9141346E-01
  0.3174792E+00  0.5440866E+00
  0.3162901E+00  0.7085196E+00
  0.3151011E+00  0.3623950E+00
  0.3139120E+00  0.4515410E+00
  0.3127230E+00  0.1628965E+00
  0.3115339E+00  0.5080065E+00
  0.3103448E+00  0.3600699E+00
  0.3091558E+00  0.1064162E+01
  0.3079667E+00  0.3297866E+00
  0.3067777E+00  0.4068539E+00
  0.3055886E+00  0.3798197E+00
  0.3043995E+00  0.6593153E+00
  0.3032105E+00  0.9484968E+00
  0.3020214E+00  0.1068649E+01
  0.3008324E+00  0.4637044E+00
  0.2996433E+00  0.7421507E+00
  0.2984542E+00  0.7871474E+00
  0.2972652E+00  0.8229205E+00
  0.2960761E+00  0.8700213E-01
  0.2948871E+00  0.3549921E+00
  0.2936980E+00  0.1020260E+01
  0.2925089E+00  0.6770371E+00
  0.2913199E+00  0.6079823E+00
  0.2901308E+00  0.4686890E-01
  0.2889418E+00  0.8240616E+00
  0.2877527E+00  0.1978882E+00
  0.2865636E+00  0.9231321E+00
  0.2853746E+00  0.2692860E+00
  0.2841855E+00  0.5310366E+00
  0.2829965E+00  0.4327498E+00
  0.2818074E+00  0.1325631E+00
  0.2806183E+00  0.8242060E+00
  0.2794293E+00  0.5080500E+00
  0.2782402E+00  0.1075189E+01
  0.2770511E+00  0.6837755E+00
  0.2758621E+00  0.7630432E+00
  0.2746730E+00  0.5275344E+00
  0.2734840E+00  0.1025547E+01
  0.2722949E+00  0.1902303E+00
  0.2711058E+00  0.6351075E+00
  0.2699168E+00  0.7021770E+00
  0.2687277E+00  0.4210368E+00
  0.2675387E+00  0.1060918E+01
  0.2663496E+00  0.6182047E+00
  0.2651605E+00  0.7582084E+00
  0.2639715E+00  0.3391119E+00
  0.2627824E+00  0.7404247E+00
  0.2615934E+00  0.1448138E+00
  0.2604043E+00  0.7915992E+00
  0.2592152E+00  0.4632414E+00
  0.2580262E+00  0.4724205E+00
  0.2568371E+00  0.5442635E+00
  0.2556480E+00  0.8404526E+00
  0.2544590E+00  0.8899199E+00
  0.2532699E+00  0.7737186E+00
  0.2520809E+00  0.1042066E+01
  0.2508918E+00  0.5544205E+00
  0.2497027E+00  0.6717742E+00
  0.2485137E+00  0.8335385E+00
  0.2473246E+00  0.3281427E+00
  0.2461356E+00  0.7432525E+00
  0.2449465E+00  0.4902004E+00
  0.2437574E+00  0.1782272E+00
  0.2425684E+00  0.8437165E+00
  0.2413793E+00  0.5694111E+00
  0.2401903E+00  0.1081852E+01
  0.2390012E+00  0.6575635E+00
  0.2378121E+00  0.9696082E+00
  0.2366231E+00  0.2872439E+00
  0.2354340E+00  0.5873151E+00
  0.2342450E+00  0.8251059E+00
  0.2330559E+00  0.5759322E+00
  0.2318668E+00  0.7464127E+00
  0.2306778E+00  0.7680816E+00
  0.2294887E+00  0.9152735E+00
  0.2282996E+00  0.3824628E+00
  0.2271106E+00  0.3843701E+00
  0.2259215E+00  0.9308957E+00
  0.2247325E+00  0.8343189E+00
  0.2235434E+00  0.5805972E+00
  0.2223543E+00  0.6738389E+00
  0.2211653E+00  0.1839540E+00
  0.2199762E+00  0.4092227E+00
  0.2187872E+00  0.8717534E+00
  0.2175981E+00  0.1426285E+00
  0.2164090E+00  0.8608347E+00
  0.2152200E+00  0.2255133E+00
  0.2140309E+00  0.4388416E+00
  0.2128419E+00  0.8747591E+00
  0.2116528E+00  0.1484541E+00
  0.2104637E+00  0.8294137E-01
  0.2092747E+00  0.3390857E+00
  0.2080856E+00  0.1042463E+01
  0.2068966E+00  0.1570683E+00
  0.2057075E+00  0.6547460E+00
  0.2045184E+00  0.7879238E+00
  0.2033294E+00  0.7155708E+00
  0.2021403E+00  0.1076291E+00
  0.2009513E+00  0.4831059E+00
  0.1997622E+00  0.9849345E+00
  0.1985731E+00  0.8474904E-01
  0.1973841E+00  0.7043518E+00
  0.1961950E+00  0.6408073E+00
  0.1950060E+00  0.9729723E+00
  0.1938169E+00  0.3273686E+00
  0.1926278E+00  0.8271643E+00
  0.1914388E+00  0.1043090E+01
  0.1902497E+00  0.7341657E+00
  0.1890607E+00  0.3432941E+00
  0.1878716E+00  0.1786186E-01
  0.1866825E+00  0.7470318E+00
  0.1854935E+00  0.5918589E+00
  0.1843044E+00  0.2743217E+00
  0.1831153E+00  0.7480051E+00
  0.1819263E+00  0.7701317E+00
  0.1807372E+00  0.7877600E+00
  0.1795482E+00  0.9355401E+00
  0.1783591E+00  0.1531422E+00
  0.1771700E+00  0.6223826E+00
  0.1759810E+00  0.1980180E+00
  0.1747919E+00  0.1081219E+01
  0.1736029E+00  0.1029423E+00
  0.1724138E+00  0.2714343E-01
  0.1712247E+00  0.7602643E+00
  0.1700357E+00  0.5996047E+00
  0.1688466E+00  0.7858897E+00
  0.1676576E+00  0.1077856E+01
  0.1664685E+00  0.1108821E+01
  0.1652794E+00  0.8935595E+00
  0.1640904E+00  0.1100488E+01
  0.1629013E+00  0.1958622E+00
  0.1617123E+00  0.2641116E+00
  0.1605232E+00  0.4950034E+00
  0.1593341E+00  0.4191112E+00
  0.1581451E+00  0.9834127E+00
  0.1569560E+00  0.9353845E+00
  0.1557670E+00  0.4203799E+00
  0.1545779E+00  0.5943536E+00
  0.1533888E+00  0.1074805E+01
  0.1521998E+00  0.9477350E+00
  0.1510107E+00  0.1232164E+00
  0.1498216E+00  0.6258661E-01
  0.1486326E+00  0.6583088E+00
  0.1474435E+00  0.9598981E+00
  0.1462545E+00  0.5608755E+00
  0.1450654E+00  0.5228096E+00
  0.1438763E+00  0.3791901E+00
  0.1426873E+00  0.2150154E+00
  0.1414982E+00  0.4732812E+00
  0.1403092E+00  0.9024633E+00
  0.1391201E+00  0.1845815E+00
  0.1379310E+00  0.3979666E+00
  0.1367420E+00  0.1622745E+00
  0.1355529E+00  0.2604822E+00
  0.1343639E+00  0.3275255E+00
  0.1331748E+00  0.1072389E+01
  0.1319857E+00  0.1631978E+00
  0.1307967E+00  0.3112023E+00
  0.1296076E+00  0.8837456E+00
  0.1284186E+00  0.2738593E+00
  0.1272295E+00  0.1017454E+01
  0.1260404E+00  0.5831295E+00
  0.1248514E+00  0.8066359E+00
  0.1236623E+00  0.7160076E-01
  0.1224733E+00  0.7770888E+00
  0.1212842E+00  0.2658276E+00
  0.1200951E+00  0.6862429E+00
  0.1189061E+00  0.6541743E+00
  0.1177170E+00  0.1530654E+00
  0.1165280E+00  0.1104861E+01
  0.1153389E+00  0.1348878E-01
  0.1141498E+00  0.8357013E-01
  0.1129608E+00  0.6606857E+00
  0.1117717E+00  0.6530014E+00
  0.1105826E+00  0.2574439E+00
  0.1093936E+00  0.1065639E+01
  0.1082045E+00  0.3880288E+00
  0.1070155E+00  0.1069906E+01
  0.1058264E+00  0.8766823E+00
  0.1046373E+00  0.1046622E+01
  0.1034483E+00  0.8016072E+00
  0.1022592E+00  0.3585840E+00
  0.1010702E+00  0.4107504E+00
  0.9988110E-01  0.8468452E+00
  0.9869204E-01  0.7833869E+00
  0.9750298E-01  0.5888761E+00
  0.9631391E-01  0.1191392E-01
  0.9512486E-01  0.3406126E+00
  0.9393579E-01  0.8892542E+00
  0.9274673E-01  0.1012006E+01
  0.9155767E-01  0.1088914E+01
  0.9036861E-01  0.3685660E+00
  0.8917955E-01  0.4994101E+00
  0.8799049E-01  0.1056375E+01
  0.8680143E-01  0.8793632E+00
  0.8561237E-01  0.1798763E+00
  0.8442331E-01  0.2691100E+00
  0.8323425E-01  0.7194020E+00
  0.8204519E-01  0.1028194E+01
  0.8085613E-01  0.9288097E+00
  0.7966707E-01  0.4583591E+00
  0.7847800E-01  0.4729573E+00
  0.7728894E-01  0.1064189E+01
  0.7609988E-01  0.4757469E+00
  0.7491082E-01  0.8633936E+00
  0.7372177E-01  0.5356248E+00
  0.7253270E-01  0.1054108E+00
  0.7134364E-01  0.7427465E+00
  0.7015458E-01  0.6020625E+00
  0.6896552E-01  0.5809049E+00
  0.6777646E-01  0.8162855E+00
  0.6658740E-01  0.6553298E-01
  0.6539834E-01  0.9430327E+00
  0.6420928E-01  0.5886419E+00
  0.6302022E-01  0.3734949E+00
  0.6183115E-01  0.1335939E+00
  0.6064209E-01  0.7494309E-01
  0.5945303E-01  0.3686021E+00
  0.5826398E-01  0.6021008E+00
  0.5707491E-01  0.6166140E+00
  0.5588585E-01  0.2767821E+00
  0.5469679E-01  0.6381511E+00
  0.5350773E-01  0.8343882E+00
  0.5231867E-01  0.4075853E+00
  0.5112961E-01  0.1807859E-01
  0.4994055E-01  0.1236618E-01
  0.4875149E-01  0.4977190E+00
  0.4756243E-01  0.8713273E+00
  0.4637337E-01  0.1142806E+00
  0.4518431E-01  0.5363338E+00
  0.4399524E-01  0.1377398E+00
  0.4280619E-01  0.4084844E+00
  0.4161712E-01  0.5046861E+00
  0.4042806E-01  0.6577327E+00
  0.3923900E-01  0.5839162E+00
  0.3804994E-01  0.4395146E-01
  0.3686088E-01  0.4559720E-01
  0.3567182E-01  0.6663950E+00
  0.3448276E-01  0.4291985E+00
  0.3329370E-01  0.8208076E+00
  0.3210464E-01  0.9910799E+00
  0.3091558E-01  0.3691328E+00
  0.2972652E-01  0.1007022E+01
  0.2853746E-01  0.8728714E+00
  0.2734840E-01  0.9088452E+00
  0.2615934E-01  0.8630011E+00
  0.2497027E-01  0.7103817E+00
  0.2378121E-01  0.9982988E+00
  0.2259215E-01  0.5079416E+00
  0.2140309E-01  0.8948746E+00
  0.2021403E-01  0.6018842E+00
  0.1902497E-01  0.9396271E+00
  0.1783591E-01  0.8273437E+00
  0.1664685E-01  0.6751374E-01
  0.1545779E-01  0.6191226E+00
  0.1426873E-01  0.8105780E+00
  0.1307967E-01  0.3785990E+00
  0.1189061E-01  0.6904995E+00
  0.1070155E-01  0.4977163E+00
  0.9512486E-02  0.9231687E+00
  0.8323425E-02  0.1845253E+00
  0.7134364E-02  0.3427708E+00
  0.5945304E-02  0.1066762E+01
  0.4756243E-02  0.1060702E+01
  0.3567182E-02  0.3045890E+00
  0.2378121E-02  0.1091565E+01
  0.1189061E-02  0.6736147E+00
