  0.1344064E+01  0.1000000E+01
  0.1342466E+01  0.9988110E+00
  0.1340868E+01  0.9976220E+00
  0.1339269E+01  0.9964328E+00
  0.1337671E+01  0.9952438E+00
  0.1336073E+01  0.9940547E+00
  0.1334475E+01  0.9928657E+00
  0.1332877E+01  0.9916766E+00
  0.1331279E+01  0.9904876E+00
  0.1329680E+01  0.9892985E+00
  0.1328082E+01  0.9881094E+00
  0.1326484E+01  0.9869203E+00
  0.1324886E+01  0.9857313E+00
  0.1323288E+01  0.9845423E+00
  0.1321689E+01  0.9833532E+00
  0.1320091E+01  0.9821642E+00
  0.1318493E+01  0.9809750E+00
  0.1316895E+01  0.9797860E+00
  0.1315297E+01  0.9785969E+00
  0.1313699E+01  0.9774079E+00
  0.1312100E+01  0.9762188E+00
  0.1310502E+01  0.9750298E+00
  0.1308904E+01  0.9738407E+00
  0.1307306E+01  0.9726516E+00
  0.1305708E+01  0.9714626E+00
  0.1304110E+01  0.9702735E+00
  0.1302511E+01  0.9690845E+00
  0.1300913E+01  0.9678954E+00
  0.1299315E+01  0.9667064E+00
  0.1297717E+01  0.9655172E+00
  0.1296119E+01  0.9643282E+00
  0.1294520E+01  0.9631391E+00
  0.1292922E+01  0.9619501E+00
  0.1291324E+01  0.9607611E+00
  0.1289726E+01  0.9595720E+00
  0.1288128E+01  0.9583829E+00
  0.1286530E+01  0.9571938E+00
  0.1284932E+01  0.9560048E+00
  0.1283333E+01  0.9548157E+00
  0.1281735E+01  0.9536267E+00
  0.1280137E+01  0.9524376E+00
  0.1278539E+01  0.9512486E+00
  0.1276941E+01  0.9500594E+00
  0.1275342E+01  0.9488704E+00
  0.1273744E+01  0.9476814E+00
  0.1272146E+01  0.9464923E+00
  0.1270548E+01  0.9453033E+00
  0.1268950E+01  0.9441142E+00
  0.1267352E+01  0.9429251E+00
  0.1265753E+01  0.9417360E+00
  0.1264155E+01  0.9405470E+00
  0.1262557E+01  0.9393579E+00
  0.1260959E+01  0.9381689E+00
  0.1259361E+01  0.9369799E+00
  0.1257763E+01  0.9357908E+00
  0.1256164E+01  0.9346017E+00
  0.1254566E+01  0.9334126E+00
  0.1252968E+01  0.9322236E+00
  0.1251370E+01  0.9310345E+00
  0.1249772E+01  0.9298455E+00
  0.1248173E+01  0.9286564E+00
  0.1246575E+01  0.9274673E+00
  0.1244977E+01  0.9262782E+00
  0.1243379E+01  0.9250892E+00
  0.1241781E+01  0.9239002E+00
  0.1240183E+01  0.9227111E+00
  0.1238585E+01  0.9215221E+00
  0.1236986E+01  0.9203330E+00
  0.1235388E+01  0.9191439E+00
  0.1233790E+01  0.9179548E+00
  0.1232192E+01  0.9167658E+00
  0.1230594E+01  0.9155767E+00
  0.1228995E+01  0.9143877E+00
  0.1227397E+01  0.9131986E+00
  0.1225799E+01  0.9120095E+00
  0.1224201E+01  0.9108205E+00
  0.1222603E+01  0.9096314E+00
  0.1221005E+01  0.9084424E+00
  0.1219406E+01  0.9072533E+00
  0.1217808E+01  0.9060643E+00
  0.1216210E+01  0.9048752E+00
  0.1214612E+01  0.9036861E+00
  0.1213014E+01  0.9024970E+00
  0.1211416E+01  0.9013080E+00
  0.1209817E+01  0.9001190E+00
  0.1208219E+01  0.8989299E+00
  0.1206621E+01  0.8977409E+00
  0.1205023E+01  0.8965517E+00
  0.1203425E+01  0.8953627E+00
  0.1201826E+01  0.8941736E+00
  0.1200228E+01  0.8929846E+00
  0.1198630E+01  0.8917955E+00
  0.1197032E+01  0.8906065E+00
  0.1195434E+01  0.8894174E+00
  0.1193836E+01  0.8882283E+00
  0.1192237E+01  0.8870393E+00
  0.1190639E+01  0.8858502E+00
  0.1189041E+01  0.8846612E+00
  0.1187443E+01  0.8834721E+00
  0.1185845E+01  0.8822831E+00
  0.1184247E+01  0.8810939E+00
  0.1182648E+01  0.8799049E+00
  0.1181050E+01  0.8787158E+00
  0.1179452E+01  0.8775268E+00
  0.1177854E+01  0.8763378E+00
  0.1176256E+01  0.8751487E+00
  0.1174658E+01  0.8739596E+00
  0.1173059E+01  0.8727705E+00
  0.1171461E+01  0.8715815E+00
  0.1169863E+01  0.8703924E+00
  0.1168265E+01  0.8692034E+00
  0.1166667E+01  0.8680143E+00
  0.1165069E+01  0.8668253E+00
  0.1163470E+01  0.8656361E+00
  0.1161872E+01  0.8644471E+00
  0.1160274E+01  0.8632581E+00
  0.1158676E+01  0.8620690E+00
  0.1157078E+01  0.8608800E+00
  0.1155479E+01  0.8596909E+00
  0.1153881E+01  0.8585018E+00
  0.1152283E+01  0.8573127E+00
  0.1150685E+01  0.8561237E+00
  0.1149087E+01  0.8549346E+00
  0.1147489E+01  0.8537456E+00
  0.1145890E+01  0.8525565E+00
  0.1144292E+01  0.8513674E+00
  0.1142694E+01  0.8501784E+00
  0.1141096E+01  0.8489893E+00
  0.1139498E+01  0.8478003E+00
  0.1137900E+01  0.8466112E+00
  0.1136301E+01  0.8454222E+00
  0.1134703E+01  0.8442331E+00
  0.1133105E+01  0.8430440E+00
  0.1131507E+01  0.8418549E+00
  0.1129909E+01  0.8406659E+00
  0.1128311E+01  0.8394769E+00
  0.1126712E+01  0.8382878E+00
  0.1125114E+01  0.8370988E+00
  0.1123516E+01  0.8359096E+00
  0.1121918E+01  0.8347206E+00
  0.1120320E+01  0.8335315E+00
  0.1118721E+01  0.8323425E+00
  0.1117123E+01  0.8311534E+00
  0.1115525E+01  0.8299644E+00
  0.1113927E+01  0.8287753E+00
  0.1112329E+01  0.8275862E+00
  0.1110731E+01  0.8263972E+00
  0.1109132E+01  0.8252081E+00
  0.1107534E+01  0.8240191E+00
  0.1105936E+01  0.8228300E+00
  0.1104338E+01  0.8216410E+00
  0.1102740E+01  0.8204518E+00
  0.1101142E+01  0.8192628E+00
  0.1099543E+01  0.8180737E+00
  0.1097945E+01  0.8168847E+00
  0.1096347E+01  0.8156957E+00
  0.1094749E+01  0.8145066E+00
  0.1093151E+01  0.8133175E+00
  0.1091552E+01  0.8121284E+00
  0.1089954E+01  0.8109394E+00
  0.1088356E+01  0.8097503E+00
  0.1086758E+01  0.8085613E+00
  0.1085160E+01  0.8073722E+00
  0.1083562E+01  0.8061832E+00
  0.1081963E+01  0.8049940E+00
  0.1080365E+01  0.8038050E+00
  0.1078767E+01  0.8026160E+00
  0.1077169E+01  0.8014269E+00
  0.1075571E+01  0.8002379E+00
  0.1073973E+01  0.7990488E+00
  0.1072374E+01  0.7978597E+00
  0.1070776E+01  0.7966706E+00
  0.1069178E+01  0.7954816E+00
  0.1067580E+01  0.7942925E+00
  0.1065982E+01  0.7931035E+00
  0.1064384E+01  0.7919144E+00
  0.1062785E+01  0.7907254E+00
  0.1061187E+01  0.7895363E+00
  0.1059589E+01  0.7883472E+00
  0.1057991E+01  0.7871582E+00
  0.1056393E+01  0.7859691E+00
  0.1054795E+01  0.7847801E+00
  0.1053196E+01  0.7835910E+00
  0.1051598E+01  0.7824019E+00
  0.1050000E+01  0.7812128E+00
  0.1048402E+01  0.7800238E+00
  0.1046804E+01  0.7788348E+00
  0.1045205E+01  0.7776457E+00
  0.1043607E+01  0.7764567E+00
  0.1042009E+01  0.7752676E+00
  0.1040411E+01  0.7740785E+00
  0.1038813E+01  0.7728894E+00
  0.1037215E+01  0.7717004E+00
  0.1035616E+01  0.7705113E+00
  0.1034018E+01  0.7693223E+00
  0.1032420E+01  0.7681332E+00
  0.1030822E+01  0.7669441E+00
  0.1029224E+01  0.7657551E+00
  0.1027626E+01  0.7645660E+00
  0.1026027E+01  0.7633770E+00
  0.1024429E+01  0.7621879E+00
  0.1022831E+01  0.7609989E+00
  0.1021233E+01  0.7598098E+00
  0.1019635E+01  0.7586207E+00
  0.1018036E+01  0.7574316E+00
  0.1016438E+01  0.7562426E+00
  0.1014840E+01  0.7550535E+00
  0.1013242E+01  0.7538645E+00
  0.1011644E+01  0.7526755E+00
  0.1010046E+01  0.7514863E+00
  0.1008448E+01  0.7502973E+00
  0.1006849E+01  0.7491082E+00
  0.1005251E+01  0.7479192E+00
  0.1003653E+01  0.7467301E+00
  0.1002055E+01  0.7455411E+00
  0.1000457E+01  0.7443520E+00
  0.9988585E+00  0.7431629E+00
  0.9972603E+00  0.7419739E+00
  0.9956621E+00  0.7407848E+00
  0.9940639E+00  0.7395957E+00
  0.9924657E+00  0.7384067E+00
  0.9908676E+00  0.7372176E+00
  0.9892694E+00  0.7360286E+00
  0.9876713E+00  0.7348395E+00
  0.9860731E+00  0.7336505E+00
  0.9844749E+00  0.7324614E+00
  0.9828767E+00  0.7312723E+00
  0.9812785E+00  0.7300833E+00
  0.9796804E+00  0.7288942E+00
  0.9780822E+00  0.7277051E+00
  0.9764840E+00  0.7265161E+00
  0.9748858E+00  0.7253270E+00
  0.9732877E+00  0.7241380E+00
  0.9716895E+00  0.7229489E+00
  0.9700913E+00  0.7217598E+00
  0.9684932E+00  0.7205708E+00
  0.9668950E+00  0.7193817E+00
  0.9652968E+00  0.7181927E+00
  0.9636986E+00  0.7170036E+00
  0.9621004E+00  0.7158145E+00
  0.9605023E+00  0.7146255E+00
  0.9589041E+00  0.7134364E+00
  0.9573060E+00  0.7122474E+00
  0.9557078E+00  0.7110583E+00
  0.9541096E+00  0.7098692E+00
  0.9525114E+00  0.7086802E+00
  0.9509133E+00  0.7074911E+00
  0.9493151E+00  0.7063020E+00
  0.9477169E+00  0.7051130E+00
  0.9461187E+00  0.7039239E+00
  0.9445205E+00  0.7027349E+00
  0.9429224E+00  0.7015458E+00
  0.9413242E+00  0.7003567E+00
  0.9397261E+00  0.6991677E+00
  0.9381279E+00  0.6979786E+00
  0.9365297E+00  0.6967896E+00
  0.9349315E+00  0.6956005E+00
  0.9333333E+00  0.6944114E+00
  0.9317352E+00  0.6932224E+00
  0.9301370E+00  0.6920333E+00
  0.9285388E+00  0.6908442E+00
  0.9269406E+00  0.6896552E+00
  0.9253424E+00  0.6884661E+00
  0.9237443E+00  0.6872771E+00
  0.9221461E+00  0.6860880E+00
  0.9205480E+00  0.6848990E+00
  0.9189498E+00  0.6837099E+00
  0.9173516E+00  0.6825208E+00
  0.9157534E+00  0.6813318E+00
  0.9141552E+00  0.6801427E+00
  0.9125571E+00  0.6789536E+00
  0.9109589E+00  0.6777646E+00
  0.9093607E+00  0.6765755E+00
  0.9077626E+00  0.6753865E+00
  0.9061644E+00  0.6741974E+00
  0.9045662E+00  0.6730084E+00
  0.9029680E+00  0.6718193E+00
  0.9013699E+00  0.6706302E+00
  0.8997717E+00  0.6694412E+00
  0.8981735E+00  0.6682521E+00
  0.8965753E+00  0.6670630E+00
  0.8949772E+00  0.6658740E+00
  0.8933790E+00  0.6646849E+00
  0.8917809E+00  0.6634959E+00
  0.8901827E+00  0.6623068E+00
  0.8885845E+00  0.6611178E+00
  0.8869863E+00  0.6599287E+00
  0.8853881E+00  0.6587396E+00
  0.8837900E+00  0.6575506E+00
  0.8821918E+00  0.6563615E+00
  0.8805936E+00  0.6551724E+00
  0.8789954E+00  0.6539834E+00
  0.8773972E+00  0.6527943E+00
  0.8757991E+00  0.6516052E+00
  0.8742009E+00  0.6504162E+00
  0.8726028E+00  0.6492271E+00
  0.8710046E+00  0.6480381E+00
  0.8694064E+00  0.6468490E+00
  0.8678082E+00  0.6456600E+00
  0.8662100E+00  0.6444709E+00
  0.8646119E+00  0.6432818E+00
  0.8630137E+00  0.6420928E+00
  0.8614155E+00  0.6409037E+00
  0.8598173E+00  0.6397146E+00
  0.8582192E+00  0.6385256E+00
  0.8566210E+00  0.6373365E+00
  0.8550228E+00  0.6361475E+00
  0.8534247E+00  0.6349584E+00
  0.8518265E+00  0.6337693E+00
  0.8502283E+00  0.6325803E+00
  0.8486301E+00  0.6313912E+00
  0.8470320E+00  0.6302022E+00
  0.8454338E+00  0.6290131E+00
  0.8438356E+00  0.6278240E+00
  0.8422375E+00  0.6266350E+00
  0.8406393E+00  0.6254459E+00
  0.8390411E+00  0.6242569E+00
  0.8374429E+00  0.6230678E+00
  0.8358448E+00  0.6218787E+00
  0.8342466E+00  0.6206897E+00
  0.8326484E+00  0.6195006E+00
  0.8310502E+00  0.6183115E+00
  0.8294520E+00  0.6171225E+00
  0.8278539E+00  0.6159334E+00
  0.8262557E+00  0.6147444E+00
  0.8246576E+00  0.6135553E+00
  0.8230594E+00  0.6123663E+00
  0.8214612E+00  0.6111772E+00
  0.8198630E+00  0.6099881E+00
  0.8182648E+00  0.6087991E+00
  0.8166667E+00  0.6076100E+00
  0.8150685E+00  0.6064209E+00
  0.8134703E+00  0.6052319E+00
  0.8118721E+00  0.6040428E+00
  0.8102739E+00  0.6028537E+00
  0.8086758E+00  0.6016647E+00
  0.8070776E+00  0.6004757E+00
  0.8054795E+00  0.5992866E+00
  0.8038813E+00  0.5980975E+00
  0.8022831E+00  0.5969085E+00
  0.8006849E+00  0.5957194E+00
  0.7990867E+00  0.5945303E+00
  0.7974886E+00  0.5933413E+00
  0.7958904E+00  0.5921522E+00
  0.7942922E+00  0.5909631E+00
  0.7926941E+00  0.5897741E+00
  0.7910959E+00  0.5885851E+00
  0.7894977E+00  0.5873960E+00
  0.7878996E+00  0.5862069E+00
  0.7863014E+00  0.5850179E+00
  0.7847032E+00  0.5838288E+00
  0.7831050E+00  0.5826397E+00
  0.7815068E+00  0.5814507E+00
  0.7799087E+00  0.5802616E+00
  0.7783105E+00  0.5790725E+00
  0.7767124E+00  0.5778835E+00
  0.7751142E+00  0.5766944E+00
  0.7735160E+00  0.5755054E+00
  0.7719178E+00  0.5743163E+00
  0.7703196E+00  0.5731273E+00
  0.7687215E+00  0.5719382E+00
  0.7671233E+00  0.5707491E+00
  0.7655251E+00  0.5695601E+00
  0.7639269E+00  0.5683710E+00
  0.7623287E+00  0.5671819E+00
  0.7607306E+00  0.5659929E+00
  0.7591324E+00  0.5648038E+00
  0.7575343E+00  0.5636148E+00
  0.7559361E+00  0.5624257E+00
  0.7543379E+00  0.5612366E+00
  0.7527397E+00  0.5600476E+00
  0.7511415E+00  0.5588585E+00
  0.7495434E+00  0.5576695E+00
  0.7479452E+00  0.5564804E+00
  0.7463470E+00  0.5552913E+00
  0.7447488E+00  0.5541023E+00
  0.7431507E+00  0.5529132E+00
  0.7415525E+00  0.5517242E+00
  0.7399544E+00  0.5505351E+00
  0.7383562E+00  0.5493460E+00
  0.7367580E+00  0.5481570E+00
  0.7351598E+00  0.5469679E+00
  0.7335616E+00  0.5457788E+00
  0.7319635E+00  0.5445898E+00
  0.7303653E+00  0.5434007E+00
  0.7287671E+00  0.5422117E+00
  0.7271690E+00  0.5410226E+00
  0.7255708E+00  0.5398336E+00
  0.7239726E+00  0.5386445E+00
  0.7223744E+00  0.5374554E+00
  0.7207763E+00  0.5362664E+00
  0.7191781E+00  0.5350773E+00
  0.7175799E+00  0.5338882E+00
  0.7159817E+00  0.5326992E+00
  0.7143835E+00  0.5315101E+00
  0.7127854E+00  0.5303210E+00
  0.7111872E+00  0.5291320E+00
  0.7095891E+00  0.5279430E+00
  0.7079909E+00  0.5267539E+00
  0.7063927E+00  0.5255648E+00
  0.7047945E+00  0.5243758E+00
  0.7031963E+00  0.5231867E+00
  0.7015982E+00  0.5219976E+00
  0.7000000E+00  0.5208086E+00
  0.6984018E+00  0.5196195E+00
  0.6968036E+00  0.5184304E+00
  0.6952055E+00  0.5172414E+00
  0.6936073E+00  0.5160524E+00
  0.6920092E+00  0.5148633E+00
  0.6904110E+00  0.5136742E+00
  0.6888128E+00  0.5124852E+00
  0.6872146E+00  0.5112961E+00
  0.6856164E+00  0.5101070E+00
  0.6840183E+00  0.5089180E+00
  0.6824201E+00  0.5077289E+00
  0.6808219E+00  0.5065398E+00
  0.6792237E+00  0.5053508E+00
  0.6776256E+00  0.5041617E+00
  0.6760274E+00  0.5029727E+00
  0.6744292E+00  0.5017836E+00
  0.6728311E+00  0.5005946E+00
  0.6712329E+00  0.4994055E+00
  0.6696347E+00  0.4982164E+00
  0.6680365E+00  0.4970274E+00
  0.6664383E+00  0.4958383E+00
  0.6648402E+00  0.4946492E+00
  0.6632420E+00  0.4934602E+00
  0.6616439E+00  0.4922711E+00
  0.6600457E+00  0.4910821E+00
  0.6584475E+00  0.4898930E+00
  0.6568493E+00  0.4887039E+00
  0.6552511E+00  0.4875149E+00
  0.6536530E+00  0.4863258E+00
  0.6520548E+00  0.4851368E+00
  0.6504566E+00  0.4839477E+00
  0.6488584E+00  0.4827586E+00
  0.6472602E+00  0.4815696E+00
  0.6456621E+00  0.4803805E+00
  0.6440639E+00  0.4791915E+00
  0.6424658E+00  0.4780024E+00
  0.6408676E+00  0.4768133E+00
  0.6392694E+00  0.4756243E+00
  0.6376712E+00  0.4744352E+00
  0.6360731E+00  0.4732461E+00
  0.6344749E+00  0.4720571E+00
  0.6328767E+00  0.4708680E+00
  0.6312785E+00  0.4696790E+00
  0.6296804E+00  0.4684899E+00
  0.6280822E+00  0.4673009E+00
  0.6264840E+00  0.4661118E+00
  0.6248859E+00  0.4649227E+00
  0.6232877E+00  0.4637337E+00
  0.6216895E+00  0.4625446E+00
  0.6200913E+00  0.4613555E+00
  0.6184931E+00  0.4601665E+00
  0.6168950E+00  0.4589774E+00
  0.6152968E+00  0.4577883E+00
  0.6136986E+00  0.4565993E+00
  0.6121005E+00  0.4554103E+00
  0.6105023E+00  0.4542212E+00
  0.6089041E+00  0.4530321E+00
  0.6073059E+00  0.4518431E+00
  0.6057078E+00  0.4506540E+00
  0.6041096E+00  0.4494649E+00
  0.6025114E+00  0.4482759E+00
  0.6009132E+00  0.4470868E+00
  0.5993150E+00  0.4458977E+00
  0.5977169E+00  0.4447087E+00
  0.5961187E+00  0.4435197E+00
  0.5945206E+00  0.4423306E+00
  0.5929224E+00  0.4411415E+00
  0.5913242E+00  0.4399525E+00
  0.5897260E+00  0.4387634E+00
  0.5881279E+00  0.4375743E+00
  0.5865297E+00  0.4363853E+00
  0.5849315E+00  0.4351962E+00
  0.5833333E+00  0.4340071E+00
  0.5817351E+00  0.4328181E+00
  0.5801370E+00  0.4316290E+00
  0.5785388E+00  0.4304400E+00
  0.5769407E+00  0.4292509E+00
  0.5753425E+00  0.4280619E+00
  0.5737443E+00  0.4268728E+00
  0.5721461E+00  0.4256837E+00
  0.5705479E+00  0.4244947E+00
  0.5689498E+00  0.4233056E+00
  0.5673516E+00  0.4221165E+00
  0.5657534E+00  0.4209275E+00
  0.5641553E+00  0.4197384E+00
  0.5625571E+00  0.4185494E+00
  0.5609589E+00  0.4173603E+00
  0.5593607E+00  0.4161712E+00
  0.5577626E+00  0.4149822E+00
  0.5561644E+00  0.4137931E+00
  0.5545662E+00  0.4126041E+00
  0.5529680E+00  0.4114150E+00
  0.5513698E+00  0.4102259E+00
  0.5497717E+00  0.4090369E+00
  0.5481735E+00  0.4078478E+00
  0.5465754E+00  0.4066588E+00
  0.5449772E+00  0.4054697E+00
  0.5433790E+00  0.4042806E+00
  0.5417808E+00  0.4030916E+00
  0.5401827E+00  0.4019025E+00
  0.5385845E+00  0.4007134E+00
  0.5369863E+00  0.3995244E+00
  0.5353881E+00  0.3983353E+00
  0.5337899E+00  0.3971463E+00
  0.5321918E+00  0.3959572E+00
  0.5305936E+00  0.3947682E+00
  0.5289955E+00  0.3935791E+00
  0.5273973E+00  0.3923900E+00
  0.5257991E+00  0.3912010E+00
  0.5242009E+00  0.3900119E+00
  0.5226027E+00  0.3888228E+00
  0.5210046E+00  0.3876338E+00
  0.5194064E+00  0.3864447E+00
  0.5178082E+00  0.3852556E+00
  0.5162100E+00  0.3840666E+00
  0.5146119E+00  0.3828776E+00
  0.5130137E+00  0.3816885E+00
  0.5114155E+00  0.3804994E+00
  0.5098174E+00  0.3793104E+00
  0.5082192E+00  0.3781213E+00
  0.5066210E+00  0.3769322E+00
  0.5050228E+00  0.3757432E+00
  0.5034246E+00  0.3745541E+00
  0.5018265E+00  0.3733650E+00
  0.5002283E+00  0.3721760E+00
  0.4986301E+00  0.3709869E+00
  0.4970320E+00  0.3697979E+00
  0.4954338E+00  0.3686088E+00
  0.4938356E+00  0.3674198E+00
  0.4922374E+00  0.3662307E+00
  0.4906393E+00  0.3650416E+00
  0.4890411E+00  0.3638526E+00
  0.4874429E+00  0.3626635E+00
  0.4858448E+00  0.3614745E+00
  0.4842466E+00  0.3602854E+00
  0.4826484E+00  0.3590963E+00
  0.4810502E+00  0.3579073E+00
  0.4794520E+00  0.3567182E+00
  0.4778539E+00  0.3555292E+00
  0.4762557E+00  0.3543401E+00
  0.4746575E+00  0.3531510E+00
  0.4730594E+00  0.3519620E+00
  0.4714612E+00  0.3507729E+00
  0.4698630E+00  0.3495839E+00
  0.4682648E+00  0.3483948E+00
  0.4666667E+00  0.3472057E+00
  0.4650685E+00  0.3460167E+00
  0.4634703E+00  0.3448276E+00
  0.4618722E+00  0.3436385E+00
  0.4602740E+00  0.3424495E+00
  0.4586758E+00  0.3412604E+00
  0.4570776E+00  0.3400714E+00
  0.4554794E+00  0.3388823E+00
  0.4538813E+00  0.3376932E+00
  0.4522831E+00  0.3365042E+00
  0.4506849E+00  0.3353151E+00
  0.4490868E+00  0.3341261E+00
  0.4474886E+00  0.3329370E+00
  0.4458904E+00  0.3317479E+00
  0.4442922E+00  0.3305589E+00
  0.4426941E+00  0.3293698E+00
  0.4410959E+00  0.3281807E+00
  0.4394977E+00  0.3269917E+00
  0.4378995E+00  0.3258026E+00
  0.4363014E+00  0.3246136E+00
  0.4347032E+00  0.3234245E+00
  0.4331050E+00  0.3222354E+00
  0.4315068E+00  0.3210464E+00
  0.4299087E+00  0.3198573E+00
  0.4283105E+00  0.3186683E+00
  0.4267123E+00  0.3174792E+00
  0.4251142E+00  0.3162901E+00
  0.4235160E+00  0.3151011E+00
  0.4219178E+00  0.3139120E+00
  0.4203196E+00  0.3127230E+00
  0.4187215E+00  0.3115339E+00
  0.4171233E+00  0.3103448E+00
  0.4155251E+00  0.3091558E+00
  0.4139269E+00  0.3079667E+00
  0.4123288E+00  0.3067777E+00
  0.4107306E+00  0.3055886E+00
  0.4091324E+00  0.3043995E+00
  0.4075342E+00  0.3032105E+00
  0.4059361E+00  0.3020214E+00
  0.4043379E+00  0.3008324E+00
  0.4027397E+00  0.2996433E+00
  0.4011416E+00  0.2984542E+00
  0.3995434E+00  0.2972652E+00
  0.3979452E+00  0.2960761E+00
  0.3963470E+00  0.2948871E+00
  0.3947489E+00  0.2936980E+00
  0.3931507E+00  0.2925089E+00
  0.3915525E+00  0.2913199E+00
  0.3899543E+00  0.2901308E+00
  0.3883562E+00  0.2889418E+00
  0.3867580E+00  0.2877527E+00
  0.3851598E+00  0.2865636E+00
  0.3835616E+00  0.2853746E+00
  0.3819635E+00  0.2841855E+00
  0.3803653E+00  0.2829965E+00
  0.3787671E+00  0.2818074E+00
  0.3771690E+00  0.2806183E+00
  0.3755708E+00  0.2794293E+00
  0.3739726E+00  0.2782402E+00
  0.3723744E+00  0.2770511E+00
  0.3707763E+00  0.2758621E+00
  0.3691781E+00  0.2746730E+00
  0.3675799E+00  0.2734840E+00
  0.3659817E+00  0.2722949E+00
  0.3643835E+00  0.2711058E+00
  0.3627854E+00  0.2699168E+00
  0.3611872E+00  0.2687277E+00
  0.3595890E+00  0.2675387E+00
  0.3579909E+00  0.2663496E+00
  0.3563927E+00  0.2651605E+00
  0.3547945E+00  0.2639715E+00
  0.3531964E+00  0.2627824E+00
  0.3515982E+00  0.2615934E+00
  0.3500000E+00  0.2604043E+00
  0.3484018E+00  0.2592152E+00
  0.3468037E+00  0.2580262E+00
  0.3452055E+00  0.2568371E+00
  0.3436073E+00  0.2556480E+00
  0.3420091E+00  0.2544590E+00
  0.3404109E+00  0.2532699E+00
  0.3388128E+00  0.2520809E+00
  0.3372146E+00  0.2508918E+00
  0.3356164E+00  0.2497027E+00
  0.3340183E+00  0.2485137E+00
  0.3324201E+00  0.2473246E+00
  0.3308219E+00  0.2461356E+00
  0.3292238E+00  0.2449465E+00
  0.3276256E+00  0.2437574E+00
  0.3260274E+00  0.2425684E+00
  0.3244292E+00  0.2413793E+00
  0.3228311E+00  0.2401903E+00
  0.3212329E+00  0.2390012E+00
  0.3196347E+00  0.2378121E+00
  0.3180365E+00  0.2366231E+00
  0.3164383E+00  0.2354340E+00
  0.3148402E+00  0.2342450E+00
  0.3132420E+00  0.2330559E+00
  0.3116438E+00  0.2318668E+00
  0.3100457E+00  0.2306778E+00
  0.3084475E+00  0.2294887E+00
  0.3068493E+00  0.2282996E+00
  0.3052512E+00  0.2271106E+00
  0.3036530E+00  0.2259215E+00
  0.3020548E+00  0.2247325E+00
  0.3004566E+00  0.2235434E+00
  0.2988584E+00  0.2223543E+00
  0.2972603E+00  0.2211653E+00
  0.2956621E+00  0.2199762E+00
  0.2940639E+00  0.2187872E+00
  0.2924657E+00  0.2175981E+00
  0.2908676E+00  0.2164090E+00
  0.2892694E+00  0.2152200E+00
  0.2876712E+00  0.2140309E+00
  0.2860731E+00  0.2128419E+00
  0.2844749E+00  0.2116528E+00
  0.2828767E+00  0.2104637E+00
  0.2812786E+00  0.2092747E+00
  0.2796804E+00  0.2080856E+00
  0.2780822E+00  0.2068966E+00
  0.2764840E+00  0.2057075E+00
  0.2748858E+00  0.2045184E+00
  0.2732877E+00  0.2033294E+00
  0.2716895E+00  0.2021403E+00
  0.2700913E+00  0.2009513E+00
  0.2684931E+00  0.1997622E+00
  0.2668950E+00  0.1985731E+00
  0.2652968E+00  0.1973841E+00
  0.2636986E+00  0.1961950E+00
  0.2621005E+00  0.1950060E+00
  0.2605023E+00  0.1938169E+00
  0.2589041E+00  0.1926278E+00
  0.2573059E+00  0.1914388E+00
  0.2557078E+00  0.1902497E+00
  0.2541096E+00  0.1890607E+00
  0.2525114E+00  0.1878716E+00
  0.2509132E+00  0.1866825E+00
  0.2493151E+00  0.1854935E+00
  0.2477169E+00  0.1843044E+00
  0.2461187E+00  0.1831153E+00
  0.2445205E+00  0.1819263E+00
  0.2429224E+00  0.1807372E+00
  0.2413242E+00  0.1795482E+00
  0.2397260E+00  0.1783591E+00
  0.2381279E+00  0.1771700E+00
  0.2365297E+00  0.1759810E+00
  0.2349315E+00  0.1747919E+00
  0.2333333E+00  0.1736029E+00
  0.2317352E+00  0.1724138E+00
  0.2301370E+00  0.1712247E+00
  0.2285388E+00  0.1700357E+00
  0.2269406E+00  0.1688466E+00
  0.2253425E+00  0.1676576E+00
  0.2237443E+00  0.1664685E+00
  0.2221461E+00  0.1652794E+00
  0.2205479E+00  0.1640904E+00
  0.2189498E+00  0.1629013E+00
  0.2173516E+00  0.1617123E+00
  0.2157534E+00  0.1605232E+00
  0.2141553E+00  0.1593341E+00
  0.2125571E+00  0.1581451E+00
  0.2109589E+00  0.1569560E+00
  0.2093607E+00  0.1557670E+00
  0.2077626E+00  0.1545779E+00
  0.2061644E+00  0.1533888E+00
  0.2045662E+00  0.1521998E+00
  0.2029680E+00  0.1510107E+00
  0.2013699E+00  0.1498216E+00
  0.1997717E+00  0.1486326E+00
  0.1981735E+00  0.1474435E+00
  0.1965753E+00  0.1462545E+00
  0.1949772E+00  0.1450654E+00
  0.1933790E+00  0.1438763E+00
  0.1917808E+00  0.1426873E+00
  0.1901827E+00  0.1414982E+00
  0.1885845E+00  0.1403092E+00
  0.1869863E+00  0.1391201E+00
  0.1853881E+00  0.1379310E+00
  0.1837900E+00  0.1367420E+00
  0.1821918E+00  0.1355529E+00
  0.1805936E+00  0.1343639E+00
  0.1789954E+00  0.1331748E+00
  0.1773973E+00  0.1319857E+00
  0.1757991E+00  0.1307967E+00
  0.1742009E+00  0.1296076E+00
  0.1726027E+00  0.1284186E+00
  0.1710046E+00  0.1272295E+00
  0.1694064E+00  0.1260404E+00
  0.1678082E+00  0.1248514E+00
  0.1662100E+00  0.1236623E+00
  0.1646119E+00  0.1224733E+00
  0.1630137E+00  0.1212842E+00
  0.1614155E+00  0.1200951E+00
  0.1598174E+00  0.1189061E+00
  0.1582192E+00  0.1177170E+00
  0.1566210E+00  0.1165280E+00
  0.1550228E+00  0.1153389E+00
  0.1534247E+00  0.1141498E+00
  0.1518265E+00  0.1129608E+00
  0.1502283E+00  0.1117717E+00
  0.1486301E+00  0.1105826E+00
  0.1470320E+00  0.1093936E+00
  0.1454338E+00  0.1082045E+00
  0.1438356E+00  0.1070155E+00
  0.1422374E+00  0.1058264E+00
  0.1406393E+00  0.1046373E+00
  0.1390411E+00  0.1034483E+00
  0.1374429E+00  0.1022592E+00
  0.1358448E+00  0.1010702E+00
  0.1342466E+00  0.9988110E-01
  0.1326484E+00  0.9869204E-01
  0.1310502E+00  0.9750298E-01
  0.1294520E+00  0.9631391E-01
  0.1278539E+00  0.9512486E-01
  0.1262557E+00  0.9393579E-01
  0.1246575E+00  0.9274673E-01
  0.1230594E+00  0.9155767E-01
  0.1214612E+00  0.9036861E-01
  0.1198630E+00  0.8917955E-01
  0.1182648E+00  0.8799049E-01
  0.1166667E+00  0.8680143E-01
  0.1150685E+00  0.8561237E-01
  0.1134703E+00  0.8442331E-01
  0.1118721E+00  0.8323425E-01
  0.1102740E+00  0.8204519E-01
  0.1086758E+00  0.8085613E-01
  0.1070776E+00  0.7966707E-01
  0.1054794E+00  0.7847800E-01
  0.1038813E+00  0.7728894E-01
  0.1022831E+00  0.7609988E-01
  0.1006849E+00  0.7491082E-01
  0.9908676E-01  0.7372177E-01
  0.9748858E-01  0.7253270E-01
  0.9589041E-01  0.7134364E-01
  0.9429224E-01  0.7015458E-01
  0.9269407E-01  0.6896552E-01
  0.9109589E-01  0.6777646E-01
  0.8949772E-01  0.6658740E-01
  0.8789954E-01  0.6539834E-01
  0.8630137E-01  0.6420928E-01
  0.8470320E-01  0.6302022E-01
  0.8310502E-01  0.6183115E-01
  0.8150685E-01  0.6064209E-01
  0.7990868E-01  0.5945303E-01
  0.7831050E-01  0.5826398E-01
  0.7671233E-01  0.5707491E-01
  0.7511415E-01  0.5588585E-01
  0.7351598E-01  0.5469679E-01
  0.7191781E-01  0.5350773E-01
  0.7031964E-01  0.5231867E-01
  0.6872146E-01  0.5112961E-01
  0.6712329E-01  0.4994055E-01
  0.6552511E-01  0.4875149E-01
  0.6392694E-01  0.4756243E-01
  0.6232877E-01  0.4637337E-01
  0.6073060E-01  0.4518431E-01
  0.5913242E-01  0.4399524E-01
  0.5753425E-01  0.4280619E-01
  0.5593607E-01  0.4161712E-01
  0.5433790E-01  0.4042806E-01
  0.5273972E-01  0.3923900E-01
  0.5114155E-01  0.3804994E-01
  0.4954338E-01  0.3686088E-01
  0.4794521E-01  0.3567182E-01
  0.4634703E-01  0.3448276E-01
  0.4474886E-01  0.3329370E-01
  0.4315069E-01  0.3210464E-01
  0.4155251E-01  0.3091558E-01
  0.3995434E-01  0.2972652E-01
  0.3835616E-01  0.2853746E-01
  0.3675799E-01  0.2734840E-01
  0.3515982E-01  0.2615934E-01
  0.3356164E-01  0.2497027E-01
  0.3196347E-01  0.2378121E-01
  0.3036530E-01  0.2259215E-01
  0.2876712E-01  0.2140309E-01
  0.2716895E-01  0.2021403E-01
  0.2557078E-01  0.1902497E-01
  0.2397260E-01  0.1783591E-01
  0.2237443E-01  0.1664685E-01
  0.2077626E-01  0.1545779E-01
  0.1917808E-01  0.1426873E-01
  0.1757991E-01  0.1307967E-01
  0.1598174E-01  0.1189061E-01
  0.1438356E-01  0.1070155E-01
  0.1278539E-01  0.9512486E-02
  0.1118721E-01  0.8323425E-02
  0.9589041E-02  0.7134364E-02
  0.7990868E-02  0.5945304E-02
  0.6392694E-02  0.4756243E-02
  0.4794520E-02  0.3567182E-02
  0.3196347E-02  0.2378121E-02
  0.1598174E-02  0.1189061E-02
